{
 "cells": [
  {
   "cell_type": "code",
   "execution_count": 1,
   "id": "56721b4c",
   "metadata": {},
   "outputs": [],
   "source": [
    "import pandas as pd\n",
    "pd.options.mode.chained_assignment = None  # default='warn'\n",
    "\n",
    "import os\n",
    "\n",
    "import haversine as hs\n",
    "\n",
    "from datetime import datetime, timedelta\n",
    "\n",
    "import numpy as np"
   ]
  },
  {
   "cell_type": "code",
   "execution_count": 2,
   "id": "22b2ecf5",
   "metadata": {},
   "outputs": [],
   "source": [
    "from IPython.display import display\n",
    "\n",
    "pd.set_option('display.max_columns', None)\n",
    "pd.set_option('display.max_rows', None)\n",
    "pd.set_option('display.max_colwidth', None)"
   ]
  },
  {
   "cell_type": "code",
   "execution_count": 3,
   "id": "04812610",
   "metadata": {},
   "outputs": [
    {
     "data": {
      "text/html": [
       "<div>\n",
       "<style scoped>\n",
       "    .dataframe tbody tr th:only-of-type {\n",
       "        vertical-align: middle;\n",
       "    }\n",
       "\n",
       "    .dataframe tbody tr th {\n",
       "        vertical-align: top;\n",
       "    }\n",
       "\n",
       "    .dataframe thead th {\n",
       "        text-align: right;\n",
       "    }\n",
       "</style>\n",
       "<table border=\"1\" class=\"dataframe\">\n",
       "  <thead>\n",
       "    <tr style=\"text-align: right;\">\n",
       "      <th></th>\n",
       "      <th>bahrain</th>\n",
       "      <th>jeddah</th>\n",
       "      <th>albert_park</th>\n",
       "      <th>shanghai</th>\n",
       "      <th>baku</th>\n",
       "      <th>miami</th>\n",
       "      <th>imola</th>\n",
       "      <th>monaco</th>\n",
       "      <th>catalunya</th>\n",
       "      <th>villeneuve</th>\n",
       "      <th>red_bull_ring</th>\n",
       "      <th>silverstone</th>\n",
       "      <th>hungaroring</th>\n",
       "      <th>spa</th>\n",
       "      <th>zandvoort</th>\n",
       "      <th>monza</th>\n",
       "      <th>marina_bay</th>\n",
       "      <th>suzuka</th>\n",
       "      <th>losail</th>\n",
       "      <th>americas</th>\n",
       "      <th>rodriguez</th>\n",
       "      <th>interlagos</th>\n",
       "      <th>vegas</th>\n",
       "      <th>yas_marina</th>\n",
       "    </tr>\n",
       "  </thead>\n",
       "  <tbody>\n",
       "    <tr>\n",
       "      <th>bahrain</th>\n",
       "      <td>0.00</td>\n",
       "      <td>1258.43</td>\n",
       "      <td>12112.63</td>\n",
       "      <td>6804.82</td>\n",
       "      <td>1595.70</td>\n",
       "      <td>12185.63</td>\n",
       "      <td>4018.27</td>\n",
       "      <td>4332.65</td>\n",
       "      <td>4710.93</td>\n",
       "      <td>10258.97</td>\n",
       "      <td>3910.84</td>\n",
       "      <td>5158.08</td>\n",
       "      <td>3628.99</td>\n",
       "      <td>4640.39</td>\n",
       "      <td>4805.05</td>\n",
       "      <td>4242.73</td>\n",
       "      <td>6327.19</td>\n",
       "      <td>8054.34</td>\n",
       "      <td>112.11</td>\n",
       "      <td>12908.78</td>\n",
       "      <td>13990.13</td>\n",
       "      <td>11813.59</td>\n",
       "      <td>12943.28</td>\n",
       "      <td>446.84</td>\n",
       "    </tr>\n",
       "    <tr>\n",
       "      <th>jeddah</th>\n",
       "      <td>1258.43</td>\n",
       "      <td>0.00</td>\n",
       "      <td>12817.12</td>\n",
       "      <td>8062.08</td>\n",
       "      <td>2317.68</td>\n",
       "      <td>11605.63</td>\n",
       "      <td>3559.50</td>\n",
       "      <td>3810.52</td>\n",
       "      <td>4087.37</td>\n",
       "      <td>9929.43</td>\n",
       "      <td>3585.08</td>\n",
       "      <td>4815.75</td>\n",
       "      <td>3387.79</td>\n",
       "      <td>4307.69</td>\n",
       "      <td>4515.10</td>\n",
       "      <td>3797.55</td>\n",
       "      <td>7353.82</td>\n",
       "      <td>9293.32</td>\n",
       "      <td>1329.13</td>\n",
       "      <td>12632.62</td>\n",
       "      <td>13574.58</td>\n",
       "      <td>10555.63</td>\n",
       "      <td>13047.49</td>\n",
       "      <td>1615.85</td>\n",
       "    </tr>\n",
       "    <tr>\n",
       "      <th>albert_park</th>\n",
       "      <td>12112.63</td>\n",
       "      <td>12817.12</td>\n",
       "      <td>0.00</td>\n",
       "      <td>8078.46</td>\n",
       "      <td>12989.08</td>\n",
       "      <td>15594.50</td>\n",
       "      <td>16086.36</td>\n",
       "      <td>16422.24</td>\n",
       "      <td>16823.35</td>\n",
       "      <td>16741.10</td>\n",
       "      <td>15878.75</td>\n",
       "      <td>16947.24</td>\n",
       "      <td>15546.43</td>\n",
       "      <td>16511.75</td>\n",
       "      <td>16572.56</td>\n",
       "      <td>16288.08</td>\n",
       "      <td>6057.69</td>\n",
       "      <td>8129.72</td>\n",
       "      <td>12000.56</td>\n",
       "      <td>14286.08</td>\n",
       "      <td>13563.81</td>\n",
       "      <td>13062.93</td>\n",
       "      <td>13131.15</td>\n",
       "      <td>11674.76</td>\n",
       "    </tr>\n",
       "    <tr>\n",
       "      <th>shanghai</th>\n",
       "      <td>6804.82</td>\n",
       "      <td>8062.08</td>\n",
       "      <td>8078.46</td>\n",
       "      <td>0.00</td>\n",
       "      <td>6336.88</td>\n",
       "      <td>13248.55</td>\n",
       "      <td>8986.37</td>\n",
       "      <td>9302.00</td>\n",
       "      <td>9779.98</td>\n",
       "      <td>11342.35</td>\n",
       "      <td>8611.28</td>\n",
       "      <td>9175.17</td>\n",
       "      <td>8302.58</td>\n",
       "      <td>8926.20</td>\n",
       "      <td>8867.67</td>\n",
       "      <td>9058.02</td>\n",
       "      <td>3806.81</td>\n",
       "      <td>1477.81</td>\n",
       "      <td>6741.58</td>\n",
       "      <td>12043.14</td>\n",
       "      <td>12920.89</td>\n",
       "      <td>18553.96</td>\n",
       "      <td>10488.07</td>\n",
       "      <td>6494.10</td>\n",
       "    </tr>\n",
       "    <tr>\n",
       "      <th>baku</th>\n",
       "      <td>1595.70</td>\n",
       "      <td>2317.68</td>\n",
       "      <td>12989.08</td>\n",
       "      <td>6336.88</td>\n",
       "      <td>0.00</td>\n",
       "      <td>11015.93</td>\n",
       "      <td>3135.79</td>\n",
       "      <td>3484.89</td>\n",
       "      <td>3946.50</td>\n",
       "      <td>8930.53</td>\n",
       "      <td>2890.55</td>\n",
       "      <td>4030.59</td>\n",
       "      <td>2557.38</td>\n",
       "      <td>3545.36</td>\n",
       "      <td>3652.58</td>\n",
       "      <td>3314.42</td>\n",
       "      <td>6946.64</td>\n",
       "      <td>7342.55</td>\n",
       "      <td>1661.51</td>\n",
       "      <td>11489.38</td>\n",
       "      <td>12631.93</td>\n",
       "      <td>12217.83</td>\n",
       "      <td>11373.52</td>\n",
       "      <td>1823.13</td>\n",
       "    </tr>\n",
       "    <tr>\n",
       "      <th>miami</th>\n",
       "      <td>12185.63</td>\n",
       "      <td>11605.63</td>\n",
       "      <td>15594.50</td>\n",
       "      <td>13248.55</td>\n",
       "      <td>11015.93</td>\n",
       "      <td>0.00</td>\n",
       "      <td>8172.92</td>\n",
       "      <td>7870.83</td>\n",
       "      <td>7536.29</td>\n",
       "      <td>2253.88</td>\n",
       "      <td>8278.97</td>\n",
       "      <td>7043.58</td>\n",
       "      <td>8573.80</td>\n",
       "      <td>7556.53</td>\n",
       "      <td>7408.92</td>\n",
       "      <td>7945.20</td>\n",
       "      <td>16953.20</td>\n",
       "      <td>12224.22</td>\n",
       "      <td>12295.53</td>\n",
       "      <td>1767.69</td>\n",
       "      <td>2064.12</td>\n",
       "      <td>6596.17</td>\n",
       "      <td>3492.74</td>\n",
       "      <td>12600.10</td>\n",
       "    </tr>\n",
       "    <tr>\n",
       "      <th>imola</th>\n",
       "      <td>4018.27</td>\n",
       "      <td>3559.50</td>\n",
       "      <td>16086.36</td>\n",
       "      <td>8986.37</td>\n",
       "      <td>3135.79</td>\n",
       "      <td>8172.92</td>\n",
       "      <td>0.00</td>\n",
       "      <td>349.98</td>\n",
       "      <td>828.38</td>\n",
       "      <td>6372.27</td>\n",
       "      <td>397.58</td>\n",
       "      <td>1273.39</td>\n",
       "      <td>683.89</td>\n",
       "      <td>803.27</td>\n",
       "      <td>1038.66</td>\n",
       "      <td>238.09</td>\n",
       "      <td>10077.87</td>\n",
       "      <td>9598.52</td>\n",
       "      <td>4129.25</td>\n",
       "      <td>9074.91</td>\n",
       "      <td>10054.68</td>\n",
       "      <td>9612.48</td>\n",
       "      <td>9592.05</td>\n",
       "      <td>4443.94</td>\n",
       "    </tr>\n",
       "    <tr>\n",
       "      <th>monaco</th>\n",
       "      <td>4332.65</td>\n",
       "      <td>3810.52</td>\n",
       "      <td>16422.24</td>\n",
       "      <td>9302.00</td>\n",
       "      <td>3484.89</td>\n",
       "      <td>7870.83</td>\n",
       "      <td>349.98</td>\n",
       "      <td>0.00</td>\n",
       "      <td>485.64</td>\n",
       "      <td>6121.74</td>\n",
       "      <td>690.95</td>\n",
       "      <td>1119.23</td>\n",
       "      <td>1012.39</td>\n",
       "      <td>753.28</td>\n",
       "      <td>985.59</td>\n",
       "      <td>255.69</td>\n",
       "      <td>10425.06</td>\n",
       "      <td>9874.96</td>\n",
       "      <td>4444.17</td>\n",
       "      <td>8824.30</td>\n",
       "      <td>9778.21</td>\n",
       "      <td>9306.38</td>\n",
       "      <td>9413.94</td>\n",
       "      <td>4763.03</td>\n",
       "    </tr>\n",
       "    <tr>\n",
       "      <th>catalunya</th>\n",
       "      <td>4710.93</td>\n",
       "      <td>4087.37</td>\n",
       "      <td>16823.35</td>\n",
       "      <td>9779.98</td>\n",
       "      <td>3946.50</td>\n",
       "      <td>7536.29</td>\n",
       "      <td>828.38</td>\n",
       "      <td>485.64</td>\n",
       "      <td>0.00</td>\n",
       "      <td>5891.51</td>\n",
       "      <td>1173.27</td>\n",
       "      <td>1194.50</td>\n",
       "      <td>1497.97</td>\n",
       "      <td>1026.45</td>\n",
       "      <td>1215.20</td>\n",
       "      <td>722.01</td>\n",
       "      <td>10873.36</td>\n",
       "      <td>10323.61</td>\n",
       "      <td>4822.99</td>\n",
       "      <td>8582.43</td>\n",
       "      <td>9487.42</td>\n",
       "      <td>8834.87</td>\n",
       "      <td>9288.44</td>\n",
       "      <td>5148.63</td>\n",
       "    </tr>\n",
       "    <tr>\n",
       "      <th>villeneuve</th>\n",
       "      <td>10258.97</td>\n",
       "      <td>9929.43</td>\n",
       "      <td>16741.10</td>\n",
       "      <td>11342.35</td>\n",
       "      <td>8930.53</td>\n",
       "      <td>2253.88</td>\n",
       "      <td>6372.27</td>\n",
       "      <td>6121.74</td>\n",
       "      <td>5891.51</td>\n",
       "      <td>0.00</td>\n",
       "      <td>6390.49</td>\n",
       "      <td>5137.22</td>\n",
       "      <td>6644.71</td>\n",
       "      <td>5655.01</td>\n",
       "      <td>5470.23</td>\n",
       "      <td>6134.60</td>\n",
       "      <td>14805.77</td>\n",
       "      <td>10584.02</td>\n",
       "      <td>10362.82</td>\n",
       "      <td>2703.19</td>\n",
       "      <td>3731.54</td>\n",
       "      <td>8159.68</td>\n",
       "      <td>3612.76</td>\n",
       "      <td>10635.91</td>\n",
       "    </tr>\n",
       "    <tr>\n",
       "      <th>red_bull_ring</th>\n",
       "      <td>3910.84</td>\n",
       "      <td>3585.08</td>\n",
       "      <td>15878.75</td>\n",
       "      <td>8611.28</td>\n",
       "      <td>2890.55</td>\n",
       "      <td>8278.97</td>\n",
       "      <td>397.58</td>\n",
       "      <td>690.95</td>\n",
       "      <td>1173.27</td>\n",
       "      <td>6390.49</td>\n",
       "      <td>0.00</td>\n",
       "      <td>1254.64</td>\n",
       "      <td>339.79</td>\n",
       "      <td>735.75</td>\n",
       "      <td>930.58</td>\n",
       "      <td>456.50</td>\n",
       "      <td>9834.15</td>\n",
       "      <td>9203.99</td>\n",
       "      <td>4019.64</td>\n",
       "      <td>9083.35</td>\n",
       "      <td>10104.64</td>\n",
       "      <td>9994.67</td>\n",
       "      <td>9494.93</td>\n",
       "      <td>4321.13</td>\n",
       "    </tr>\n",
       "    <tr>\n",
       "      <th>silverstone</th>\n",
       "      <td>5158.08</td>\n",
       "      <td>4815.75</td>\n",
       "      <td>16947.24</td>\n",
       "      <td>9175.17</td>\n",
       "      <td>4030.59</td>\n",
       "      <td>7043.58</td>\n",
       "      <td>1273.39</td>\n",
       "      <td>1119.23</td>\n",
       "      <td>1194.50</td>\n",
       "      <td>5137.22</td>\n",
       "      <td>1254.64</td>\n",
       "      <td>0.00</td>\n",
       "      <td>1531.29</td>\n",
       "      <td>519.16</td>\n",
       "      <td>379.97</td>\n",
       "      <td>1039.46</td>\n",
       "      <td>10902.52</td>\n",
       "      <td>9507.10</td>\n",
       "      <td>5265.91</td>\n",
       "      <td>7833.25</td>\n",
       "      <td>8850.16</td>\n",
       "      <td>9522.78</td>\n",
       "      <td>8320.08</td>\n",
       "      <td>5561.34</td>\n",
       "    </tr>\n",
       "    <tr>\n",
       "      <th>hungaroring</th>\n",
       "      <td>3628.99</td>\n",
       "      <td>3387.79</td>\n",
       "      <td>15546.43</td>\n",
       "      <td>8302.58</td>\n",
       "      <td>2557.38</td>\n",
       "      <td>8573.80</td>\n",
       "      <td>683.89</td>\n",
       "      <td>1012.39</td>\n",
       "      <td>1497.97</td>\n",
       "      <td>6644.71</td>\n",
       "      <td>339.79</td>\n",
       "      <td>1531.29</td>\n",
       "      <td>0.00</td>\n",
       "      <td>1017.59</td>\n",
       "      <td>1176.82</td>\n",
       "      <td>791.59</td>\n",
       "      <td>9497.82</td>\n",
       "      <td>8932.77</td>\n",
       "      <td>3736.23</td>\n",
       "      <td>9326.34</td>\n",
       "      <td>10369.44</td>\n",
       "      <td>10294.52</td>\n",
       "      <td>9665.43</td>\n",
       "      <td>4030.09</td>\n",
       "    </tr>\n",
       "    <tr>\n",
       "      <th>spa</th>\n",
       "      <td>4640.39</td>\n",
       "      <td>4307.69</td>\n",
       "      <td>16511.75</td>\n",
       "      <td>8926.20</td>\n",
       "      <td>3545.36</td>\n",
       "      <td>7556.53</td>\n",
       "      <td>803.27</td>\n",
       "      <td>753.28</td>\n",
       "      <td>1026.45</td>\n",
       "      <td>5655.01</td>\n",
       "      <td>735.75</td>\n",
       "      <td>519.16</td>\n",
       "      <td>1017.59</td>\n",
       "      <td>0.00</td>\n",
       "      <td>238.60</td>\n",
       "      <td>589.79</td>\n",
       "      <td>10454.30</td>\n",
       "      <td>9366.30</td>\n",
       "      <td>4748.50</td>\n",
       "      <td>8349.22</td>\n",
       "      <td>9369.31</td>\n",
       "      <td>9728.90</td>\n",
       "      <td>8800.87</td>\n",
       "      <td>5045.72</td>\n",
       "    </tr>\n",
       "    <tr>\n",
       "      <th>zandvoort</th>\n",
       "      <td>4805.05</td>\n",
       "      <td>4515.10</td>\n",
       "      <td>16572.56</td>\n",
       "      <td>8867.67</td>\n",
       "      <td>3652.58</td>\n",
       "      <td>7408.92</td>\n",
       "      <td>1038.66</td>\n",
       "      <td>985.59</td>\n",
       "      <td>1215.20</td>\n",
       "      <td>5470.23</td>\n",
       "      <td>930.58</td>\n",
       "      <td>379.97</td>\n",
       "      <td>1176.82</td>\n",
       "      <td>238.60</td>\n",
       "      <td>0.00</td>\n",
       "      <td>828.29</td>\n",
       "      <td>10524.12</td>\n",
       "      <td>9257.66</td>\n",
       "      <td>4911.89</td>\n",
       "      <td>8157.70</td>\n",
       "      <td>9192.92</td>\n",
       "      <td>9807.54</td>\n",
       "      <td>8577.84</td>\n",
       "      <td>5202.61</td>\n",
       "    </tr>\n",
       "    <tr>\n",
       "      <th>monza</th>\n",
       "      <td>4242.73</td>\n",
       "      <td>3797.55</td>\n",
       "      <td>16288.08</td>\n",
       "      <td>9058.02</td>\n",
       "      <td>3314.42</td>\n",
       "      <td>7945.20</td>\n",
       "      <td>238.09</td>\n",
       "      <td>255.69</td>\n",
       "      <td>722.01</td>\n",
       "      <td>6134.60</td>\n",
       "      <td>456.50</td>\n",
       "      <td>1039.46</td>\n",
       "      <td>791.59</td>\n",
       "      <td>589.79</td>\n",
       "      <td>828.29</td>\n",
       "      <td>0.00</td>\n",
       "      <td>10260.98</td>\n",
       "      <td>9620.28</td>\n",
       "      <td>4353.36</td>\n",
       "      <td>8837.12</td>\n",
       "      <td>9819.62</td>\n",
       "      <td>9554.71</td>\n",
       "      <td>9359.49</td>\n",
       "      <td>4665.48</td>\n",
       "    </tr>\n",
       "    <tr>\n",
       "      <th>marina_bay</th>\n",
       "      <td>6327.19</td>\n",
       "      <td>7353.82</td>\n",
       "      <td>6057.69</td>\n",
       "      <td>3806.81</td>\n",
       "      <td>6946.64</td>\n",
       "      <td>16953.20</td>\n",
       "      <td>10077.87</td>\n",
       "      <td>10425.06</td>\n",
       "      <td>10873.36</td>\n",
       "      <td>14805.77</td>\n",
       "      <td>9834.15</td>\n",
       "      <td>10902.52</td>\n",
       "      <td>9497.82</td>\n",
       "      <td>10454.30</td>\n",
       "      <td>10524.12</td>\n",
       "      <td>10260.98</td>\n",
       "      <td>0.00</td>\n",
       "      <td>5035.99</td>\n",
       "      <td>6219.25</td>\n",
       "      <td>15843.05</td>\n",
       "      <td>16613.29</td>\n",
       "      <td>15982.61</td>\n",
       "      <td>14219.85</td>\n",
       "      <td>5882.34</td>\n",
       "    </tr>\n",
       "    <tr>\n",
       "      <th>suzuka</th>\n",
       "      <td>8054.34</td>\n",
       "      <td>9293.32</td>\n",
       "      <td>8129.72</td>\n",
       "      <td>1477.81</td>\n",
       "      <td>7342.55</td>\n",
       "      <td>12224.22</td>\n",
       "      <td>9598.52</td>\n",
       "      <td>9874.96</td>\n",
       "      <td>10323.61</td>\n",
       "      <td>10584.02</td>\n",
       "      <td>9203.99</td>\n",
       "      <td>9507.10</td>\n",
       "      <td>8932.77</td>\n",
       "      <td>9366.30</td>\n",
       "      <td>9257.66</td>\n",
       "      <td>9620.28</td>\n",
       "      <td>5035.99</td>\n",
       "      <td>0.00</td>\n",
       "      <td>8003.99</td>\n",
       "      <td>10829.00</td>\n",
       "      <td>11598.80</td>\n",
       "      <td>18737.43</td>\n",
       "      <td>9185.21</td>\n",
       "      <td>7787.89</td>\n",
       "    </tr>\n",
       "    <tr>\n",
       "      <th>losail</th>\n",
       "      <td>112.11</td>\n",
       "      <td>1329.13</td>\n",
       "      <td>12000.56</td>\n",
       "      <td>6741.58</td>\n",
       "      <td>1661.51</td>\n",
       "      <td>12295.53</td>\n",
       "      <td>4129.25</td>\n",
       "      <td>4444.17</td>\n",
       "      <td>4822.99</td>\n",
       "      <td>10362.82</td>\n",
       "      <td>4019.64</td>\n",
       "      <td>5265.91</td>\n",
       "      <td>3736.23</td>\n",
       "      <td>4748.50</td>\n",
       "      <td>4911.89</td>\n",
       "      <td>4353.36</td>\n",
       "      <td>6219.25</td>\n",
       "      <td>8003.99</td>\n",
       "      <td>0.00</td>\n",
       "      <td>13008.46</td>\n",
       "      <td>14094.27</td>\n",
       "      <td>11883.61</td>\n",
       "      <td>13022.63</td>\n",
       "      <td>337.14</td>\n",
       "    </tr>\n",
       "    <tr>\n",
       "      <th>americas</th>\n",
       "      <td>12908.78</td>\n",
       "      <td>12632.62</td>\n",
       "      <td>14286.08</td>\n",
       "      <td>12043.14</td>\n",
       "      <td>11489.38</td>\n",
       "      <td>1767.69</td>\n",
       "      <td>9074.91</td>\n",
       "      <td>8824.30</td>\n",
       "      <td>8582.43</td>\n",
       "      <td>2703.19</td>\n",
       "      <td>9083.35</td>\n",
       "      <td>7833.25</td>\n",
       "      <td>9326.34</td>\n",
       "      <td>8349.22</td>\n",
       "      <td>8157.70</td>\n",
       "      <td>8837.12</td>\n",
       "      <td>15843.05</td>\n",
       "      <td>10829.00</td>\n",
       "      <td>13008.46</td>\n",
       "      <td>0.00</td>\n",
       "      <td>1201.87</td>\n",
       "      <td>8085.18</td>\n",
       "      <td>1759.61</td>\n",
       "      <td>13260.64</td>\n",
       "    </tr>\n",
       "    <tr>\n",
       "      <th>rodriguez</th>\n",
       "      <td>13990.13</td>\n",
       "      <td>13574.58</td>\n",
       "      <td>13563.81</td>\n",
       "      <td>12920.89</td>\n",
       "      <td>12631.93</td>\n",
       "      <td>2064.12</td>\n",
       "      <td>10054.68</td>\n",
       "      <td>9778.21</td>\n",
       "      <td>9487.42</td>\n",
       "      <td>3731.54</td>\n",
       "      <td>10104.64</td>\n",
       "      <td>8850.16</td>\n",
       "      <td>10369.44</td>\n",
       "      <td>9369.31</td>\n",
       "      <td>9192.92</td>\n",
       "      <td>9819.62</td>\n",
       "      <td>16613.29</td>\n",
       "      <td>11598.80</td>\n",
       "      <td>14094.27</td>\n",
       "      <td>1201.87</td>\n",
       "      <td>0.00</td>\n",
       "      <td>7430.98</td>\n",
       "      <td>2433.22</td>\n",
       "      <td>14366.08</td>\n",
       "    </tr>\n",
       "    <tr>\n",
       "      <th>interlagos</th>\n",
       "      <td>11813.59</td>\n",
       "      <td>10555.63</td>\n",
       "      <td>13062.93</td>\n",
       "      <td>18553.96</td>\n",
       "      <td>12217.83</td>\n",
       "      <td>6596.17</td>\n",
       "      <td>9612.48</td>\n",
       "      <td>9306.38</td>\n",
       "      <td>8834.87</td>\n",
       "      <td>8159.68</td>\n",
       "      <td>9994.67</td>\n",
       "      <td>9522.78</td>\n",
       "      <td>10294.52</td>\n",
       "      <td>9728.90</td>\n",
       "      <td>9807.54</td>\n",
       "      <td>9554.71</td>\n",
       "      <td>15982.61</td>\n",
       "      <td>18737.43</td>\n",
       "      <td>11883.61</td>\n",
       "      <td>8085.18</td>\n",
       "      <td>7430.98</td>\n",
       "      <td>0.00</td>\n",
       "      <td>9787.88</td>\n",
       "      <td>12149.09</td>\n",
       "    </tr>\n",
       "    <tr>\n",
       "      <th>vegas</th>\n",
       "      <td>12943.28</td>\n",
       "      <td>13047.49</td>\n",
       "      <td>13131.15</td>\n",
       "      <td>10488.07</td>\n",
       "      <td>11373.52</td>\n",
       "      <td>3492.74</td>\n",
       "      <td>9592.05</td>\n",
       "      <td>9413.94</td>\n",
       "      <td>9288.44</td>\n",
       "      <td>3612.76</td>\n",
       "      <td>9494.93</td>\n",
       "      <td>8320.08</td>\n",
       "      <td>9665.43</td>\n",
       "      <td>8800.87</td>\n",
       "      <td>8577.84</td>\n",
       "      <td>9359.49</td>\n",
       "      <td>14219.85</td>\n",
       "      <td>9185.21</td>\n",
       "      <td>13022.63</td>\n",
       "      <td>1759.61</td>\n",
       "      <td>2433.22</td>\n",
       "      <td>9787.88</td>\n",
       "      <td>0.00</td>\n",
       "      <td>13193.63</td>\n",
       "    </tr>\n",
       "    <tr>\n",
       "      <th>yas_marina</th>\n",
       "      <td>446.84</td>\n",
       "      <td>1615.85</td>\n",
       "      <td>11674.76</td>\n",
       "      <td>6494.10</td>\n",
       "      <td>1823.13</td>\n",
       "      <td>12600.10</td>\n",
       "      <td>4443.94</td>\n",
       "      <td>4763.03</td>\n",
       "      <td>5148.63</td>\n",
       "      <td>10635.91</td>\n",
       "      <td>4321.13</td>\n",
       "      <td>5561.34</td>\n",
       "      <td>4030.09</td>\n",
       "      <td>5045.72</td>\n",
       "      <td>5202.61</td>\n",
       "      <td>4665.48</td>\n",
       "      <td>5882.34</td>\n",
       "      <td>7787.89</td>\n",
       "      <td>337.14</td>\n",
       "      <td>13260.64</td>\n",
       "      <td>14366.08</td>\n",
       "      <td>12149.09</td>\n",
       "      <td>13193.63</td>\n",
       "      <td>0.00</td>\n",
       "    </tr>\n",
       "  </tbody>\n",
       "</table>\n",
       "</div>"
      ],
      "text/plain": [
       "                bahrain    jeddah  albert_park  shanghai      baku     miami  \\\n",
       "bahrain            0.00   1258.43     12112.63   6804.82   1595.70  12185.63   \n",
       "jeddah          1258.43      0.00     12817.12   8062.08   2317.68  11605.63   \n",
       "albert_park    12112.63  12817.12         0.00   8078.46  12989.08  15594.50   \n",
       "shanghai        6804.82   8062.08      8078.46      0.00   6336.88  13248.55   \n",
       "baku            1595.70   2317.68     12989.08   6336.88      0.00  11015.93   \n",
       "miami          12185.63  11605.63     15594.50  13248.55  11015.93      0.00   \n",
       "imola           4018.27   3559.50     16086.36   8986.37   3135.79   8172.92   \n",
       "monaco          4332.65   3810.52     16422.24   9302.00   3484.89   7870.83   \n",
       "catalunya       4710.93   4087.37     16823.35   9779.98   3946.50   7536.29   \n",
       "villeneuve     10258.97   9929.43     16741.10  11342.35   8930.53   2253.88   \n",
       "red_bull_ring   3910.84   3585.08     15878.75   8611.28   2890.55   8278.97   \n",
       "silverstone     5158.08   4815.75     16947.24   9175.17   4030.59   7043.58   \n",
       "hungaroring     3628.99   3387.79     15546.43   8302.58   2557.38   8573.80   \n",
       "spa             4640.39   4307.69     16511.75   8926.20   3545.36   7556.53   \n",
       "zandvoort       4805.05   4515.10     16572.56   8867.67   3652.58   7408.92   \n",
       "monza           4242.73   3797.55     16288.08   9058.02   3314.42   7945.20   \n",
       "marina_bay      6327.19   7353.82      6057.69   3806.81   6946.64  16953.20   \n",
       "suzuka          8054.34   9293.32      8129.72   1477.81   7342.55  12224.22   \n",
       "losail           112.11   1329.13     12000.56   6741.58   1661.51  12295.53   \n",
       "americas       12908.78  12632.62     14286.08  12043.14  11489.38   1767.69   \n",
       "rodriguez      13990.13  13574.58     13563.81  12920.89  12631.93   2064.12   \n",
       "interlagos     11813.59  10555.63     13062.93  18553.96  12217.83   6596.17   \n",
       "vegas          12943.28  13047.49     13131.15  10488.07  11373.52   3492.74   \n",
       "yas_marina       446.84   1615.85     11674.76   6494.10   1823.13  12600.10   \n",
       "\n",
       "                  imola    monaco  catalunya  villeneuve  red_bull_ring  \\\n",
       "bahrain         4018.27   4332.65    4710.93    10258.97        3910.84   \n",
       "jeddah          3559.50   3810.52    4087.37     9929.43        3585.08   \n",
       "albert_park    16086.36  16422.24   16823.35    16741.10       15878.75   \n",
       "shanghai        8986.37   9302.00    9779.98    11342.35        8611.28   \n",
       "baku            3135.79   3484.89    3946.50     8930.53        2890.55   \n",
       "miami           8172.92   7870.83    7536.29     2253.88        8278.97   \n",
       "imola              0.00    349.98     828.38     6372.27         397.58   \n",
       "monaco           349.98      0.00     485.64     6121.74         690.95   \n",
       "catalunya        828.38    485.64       0.00     5891.51        1173.27   \n",
       "villeneuve      6372.27   6121.74    5891.51        0.00        6390.49   \n",
       "red_bull_ring    397.58    690.95    1173.27     6390.49           0.00   \n",
       "silverstone     1273.39   1119.23    1194.50     5137.22        1254.64   \n",
       "hungaroring      683.89   1012.39    1497.97     6644.71         339.79   \n",
       "spa              803.27    753.28    1026.45     5655.01         735.75   \n",
       "zandvoort       1038.66    985.59    1215.20     5470.23         930.58   \n",
       "monza            238.09    255.69     722.01     6134.60         456.50   \n",
       "marina_bay     10077.87  10425.06   10873.36    14805.77        9834.15   \n",
       "suzuka          9598.52   9874.96   10323.61    10584.02        9203.99   \n",
       "losail          4129.25   4444.17    4822.99    10362.82        4019.64   \n",
       "americas        9074.91   8824.30    8582.43     2703.19        9083.35   \n",
       "rodriguez      10054.68   9778.21    9487.42     3731.54       10104.64   \n",
       "interlagos      9612.48   9306.38    8834.87     8159.68        9994.67   \n",
       "vegas           9592.05   9413.94    9288.44     3612.76        9494.93   \n",
       "yas_marina      4443.94   4763.03    5148.63    10635.91        4321.13   \n",
       "\n",
       "               silverstone  hungaroring       spa  zandvoort     monza  \\\n",
       "bahrain            5158.08      3628.99   4640.39    4805.05   4242.73   \n",
       "jeddah             4815.75      3387.79   4307.69    4515.10   3797.55   \n",
       "albert_park       16947.24     15546.43  16511.75   16572.56  16288.08   \n",
       "shanghai           9175.17      8302.58   8926.20    8867.67   9058.02   \n",
       "baku               4030.59      2557.38   3545.36    3652.58   3314.42   \n",
       "miami              7043.58      8573.80   7556.53    7408.92   7945.20   \n",
       "imola              1273.39       683.89    803.27    1038.66    238.09   \n",
       "monaco             1119.23      1012.39    753.28     985.59    255.69   \n",
       "catalunya          1194.50      1497.97   1026.45    1215.20    722.01   \n",
       "villeneuve         5137.22      6644.71   5655.01    5470.23   6134.60   \n",
       "red_bull_ring      1254.64       339.79    735.75     930.58    456.50   \n",
       "silverstone           0.00      1531.29    519.16     379.97   1039.46   \n",
       "hungaroring        1531.29         0.00   1017.59    1176.82    791.59   \n",
       "spa                 519.16      1017.59      0.00     238.60    589.79   \n",
       "zandvoort           379.97      1176.82    238.60       0.00    828.29   \n",
       "monza              1039.46       791.59    589.79     828.29      0.00   \n",
       "marina_bay        10902.52      9497.82  10454.30   10524.12  10260.98   \n",
       "suzuka             9507.10      8932.77   9366.30    9257.66   9620.28   \n",
       "losail             5265.91      3736.23   4748.50    4911.89   4353.36   \n",
       "americas           7833.25      9326.34   8349.22    8157.70   8837.12   \n",
       "rodriguez          8850.16     10369.44   9369.31    9192.92   9819.62   \n",
       "interlagos         9522.78     10294.52   9728.90    9807.54   9554.71   \n",
       "vegas              8320.08      9665.43   8800.87    8577.84   9359.49   \n",
       "yas_marina         5561.34      4030.09   5045.72    5202.61   4665.48   \n",
       "\n",
       "               marina_bay    suzuka    losail  americas  rodriguez  \\\n",
       "bahrain           6327.19   8054.34    112.11  12908.78   13990.13   \n",
       "jeddah            7353.82   9293.32   1329.13  12632.62   13574.58   \n",
       "albert_park       6057.69   8129.72  12000.56  14286.08   13563.81   \n",
       "shanghai          3806.81   1477.81   6741.58  12043.14   12920.89   \n",
       "baku              6946.64   7342.55   1661.51  11489.38   12631.93   \n",
       "miami            16953.20  12224.22  12295.53   1767.69    2064.12   \n",
       "imola            10077.87   9598.52   4129.25   9074.91   10054.68   \n",
       "monaco           10425.06   9874.96   4444.17   8824.30    9778.21   \n",
       "catalunya        10873.36  10323.61   4822.99   8582.43    9487.42   \n",
       "villeneuve       14805.77  10584.02  10362.82   2703.19    3731.54   \n",
       "red_bull_ring     9834.15   9203.99   4019.64   9083.35   10104.64   \n",
       "silverstone      10902.52   9507.10   5265.91   7833.25    8850.16   \n",
       "hungaroring       9497.82   8932.77   3736.23   9326.34   10369.44   \n",
       "spa              10454.30   9366.30   4748.50   8349.22    9369.31   \n",
       "zandvoort        10524.12   9257.66   4911.89   8157.70    9192.92   \n",
       "monza            10260.98   9620.28   4353.36   8837.12    9819.62   \n",
       "marina_bay           0.00   5035.99   6219.25  15843.05   16613.29   \n",
       "suzuka            5035.99      0.00   8003.99  10829.00   11598.80   \n",
       "losail            6219.25   8003.99      0.00  13008.46   14094.27   \n",
       "americas         15843.05  10829.00  13008.46      0.00    1201.87   \n",
       "rodriguez        16613.29  11598.80  14094.27   1201.87       0.00   \n",
       "interlagos       15982.61  18737.43  11883.61   8085.18    7430.98   \n",
       "vegas            14219.85   9185.21  13022.63   1759.61    2433.22   \n",
       "yas_marina        5882.34   7787.89    337.14  13260.64   14366.08   \n",
       "\n",
       "               interlagos     vegas  yas_marina  \n",
       "bahrain          11813.59  12943.28      446.84  \n",
       "jeddah           10555.63  13047.49     1615.85  \n",
       "albert_park      13062.93  13131.15    11674.76  \n",
       "shanghai         18553.96  10488.07     6494.10  \n",
       "baku             12217.83  11373.52     1823.13  \n",
       "miami             6596.17   3492.74    12600.10  \n",
       "imola             9612.48   9592.05     4443.94  \n",
       "monaco            9306.38   9413.94     4763.03  \n",
       "catalunya         8834.87   9288.44     5148.63  \n",
       "villeneuve        8159.68   3612.76    10635.91  \n",
       "red_bull_ring     9994.67   9494.93     4321.13  \n",
       "silverstone       9522.78   8320.08     5561.34  \n",
       "hungaroring      10294.52   9665.43     4030.09  \n",
       "spa               9728.90   8800.87     5045.72  \n",
       "zandvoort         9807.54   8577.84     5202.61  \n",
       "monza             9554.71   9359.49     4665.48  \n",
       "marina_bay       15982.61  14219.85     5882.34  \n",
       "suzuka           18737.43   9185.21     7787.89  \n",
       "losail           11883.61  13022.63      337.14  \n",
       "americas          8085.18   1759.61    13260.64  \n",
       "rodriguez         7430.98   2433.22    14366.08  \n",
       "interlagos           0.00   9787.88    12149.09  \n",
       "vegas             9787.88      0.00    13193.63  \n",
       "yas_marina       12149.09  13193.63        0.00  "
      ]
     },
     "execution_count": 3,
     "metadata": {},
     "output_type": "execute_result"
    }
   ],
   "source": [
    "distances = pd.read_csv('Circuit_Distances.csv', index_col=0)\n",
    "\n",
    "distances"
   ]
  },
  {
   "cell_type": "code",
   "execution_count": 38,
   "id": "ce941baf",
   "metadata": {},
   "outputs": [
    {
     "data": {
      "text/plain": [
       "(140, 2)"
      ]
     },
     "execution_count": 38,
     "metadata": {},
     "output_type": "execute_result"
    }
   ],
   "source": [
    "windows = pd.read_csv(\"Track_Windows.csv\")\n",
    "\n",
    "windows.shape"
   ]
  },
  {
   "cell_type": "code",
   "execution_count": 154,
   "id": "78d08b48",
   "metadata": {},
   "outputs": [
    {
     "data": {
      "text/plain": [
       "(50, 3)"
      ]
     },
     "execution_count": 154,
     "metadata": {},
     "output_type": "execute_result"
    }
   ],
   "source": [
    "non_race_windows = pd.read_csv(\"Track_Windows_v2.csv\")\n",
    "\n",
    "non_race_windows.shape"
   ]
  },
  {
   "cell_type": "code",
   "execution_count": 155,
   "id": "36ffa409",
   "metadata": {},
   "outputs": [
    {
     "data": {
      "text/html": [
       "<div>\n",
       "<style scoped>\n",
       "    .dataframe tbody tr th:only-of-type {\n",
       "        vertical-align: middle;\n",
       "    }\n",
       "\n",
       "    .dataframe tbody tr th {\n",
       "        vertical-align: top;\n",
       "    }\n",
       "\n",
       "    .dataframe thead th {\n",
       "        text-align: right;\n",
       "    }\n",
       "</style>\n",
       "<table border=\"1\" class=\"dataframe\">\n",
       "  <thead>\n",
       "    <tr style=\"text-align: right;\">\n",
       "      <th></th>\n",
       "      <th>month</th>\n",
       "      <th>round</th>\n",
       "      <th>circuitRef</th>\n",
       "    </tr>\n",
       "  </thead>\n",
       "  <tbody>\n",
       "    <tr>\n",
       "      <th>0</th>\n",
       "      <td>4</td>\n",
       "      <td>3</td>\n",
       "      <td>bahrain</td>\n",
       "    </tr>\n",
       "    <tr>\n",
       "      <th>1</th>\n",
       "      <td>4</td>\n",
       "      <td>4</td>\n",
       "      <td>bahrain</td>\n",
       "    </tr>\n",
       "    <tr>\n",
       "      <th>2</th>\n",
       "      <td>11</td>\n",
       "      <td>22</td>\n",
       "      <td>bahrain</td>\n",
       "    </tr>\n",
       "    <tr>\n",
       "      <th>3</th>\n",
       "      <td>10</td>\n",
       "      <td>19</td>\n",
       "      <td>shanghai</td>\n",
       "    </tr>\n",
       "    <tr>\n",
       "      <th>4</th>\n",
       "      <td>4</td>\n",
       "      <td>3</td>\n",
       "      <td>baku</td>\n",
       "    </tr>\n",
       "    <tr>\n",
       "      <th>5</th>\n",
       "      <td>4</td>\n",
       "      <td>4</td>\n",
       "      <td>baku</td>\n",
       "    </tr>\n",
       "    <tr>\n",
       "      <th>6</th>\n",
       "      <td>8</td>\n",
       "      <td>15</td>\n",
       "      <td>miami</td>\n",
       "    </tr>\n",
       "    <tr>\n",
       "      <th>7</th>\n",
       "      <td>9</td>\n",
       "      <td>16</td>\n",
       "      <td>miami</td>\n",
       "    </tr>\n",
       "    <tr>\n",
       "      <th>8</th>\n",
       "      <td>9</td>\n",
       "      <td>17</td>\n",
       "      <td>miami</td>\n",
       "    </tr>\n",
       "    <tr>\n",
       "      <th>9</th>\n",
       "      <td>9</td>\n",
       "      <td>18</td>\n",
       "      <td>miami</td>\n",
       "    </tr>\n",
       "    <tr>\n",
       "      <th>10</th>\n",
       "      <td>10</td>\n",
       "      <td>19</td>\n",
       "      <td>miami</td>\n",
       "    </tr>\n",
       "    <tr>\n",
       "      <th>11</th>\n",
       "      <td>10</td>\n",
       "      <td>20</td>\n",
       "      <td>miami</td>\n",
       "    </tr>\n",
       "    <tr>\n",
       "      <th>12</th>\n",
       "      <td>10</td>\n",
       "      <td>21</td>\n",
       "      <td>miami</td>\n",
       "    </tr>\n",
       "    <tr>\n",
       "      <th>13</th>\n",
       "      <td>11</td>\n",
       "      <td>22</td>\n",
       "      <td>miami</td>\n",
       "    </tr>\n",
       "    <tr>\n",
       "      <th>14</th>\n",
       "      <td>11</td>\n",
       "      <td>23</td>\n",
       "      <td>miami</td>\n",
       "    </tr>\n",
       "    <tr>\n",
       "      <th>15</th>\n",
       "      <td>11</td>\n",
       "      <td>24</td>\n",
       "      <td>miami</td>\n",
       "    </tr>\n",
       "    <tr>\n",
       "      <th>16</th>\n",
       "      <td>5</td>\n",
       "      <td>6</td>\n",
       "      <td>imola</td>\n",
       "    </tr>\n",
       "    <tr>\n",
       "      <th>17</th>\n",
       "      <td>6</td>\n",
       "      <td>9</td>\n",
       "      <td>imola</td>\n",
       "    </tr>\n",
       "    <tr>\n",
       "      <th>18</th>\n",
       "      <td>5</td>\n",
       "      <td>6</td>\n",
       "      <td>monaco</td>\n",
       "    </tr>\n",
       "    <tr>\n",
       "      <th>19</th>\n",
       "      <td>5</td>\n",
